510525198609175988
任平
身份证号321
430225198911060026
510525198609175988
511023198809238024
511023198812228011
36242219880604592X
421123198507036420
372922198709056108
510524198908171083
431223198606184223
430321198611041229
440921198809148616
432503198706225063
369020199204247828
511023198608131861
430381199003102623
430281198712193927
430381198610010021
362427198907200820
430822198911193797
440803199009303485
510781198306084255
421004197903111614
430321198801285427
430321198911065425
441521198709231825
421004198502151644
410526197707157394
440223197902081110

